** KO ON THESE TESTS **

./push_swap 2 3 1 4 | ./checker_Mac 2 3 1 4

./push_swap 3 2 1 4 | ./checker_Mac 3 2 1 4

./push_swap 1 4 2 3 | ./checker_Mac 1 4 2 3

./push_swap 4 1 2 3 | ./checker_Mac 4 1 2 3

./push_swap 2 1 4 3 | ./checker_Mac 2 1 4 3

./push_swap 1 2 4 3 | ./checker_Mac 1 2 4 3

./push_swap 4 1 3 2 | ./checker_Mac 4 1 3 2

./push_swap 1 4 3 2 | ./checker_Mac 1 4 3 2

./push_swap 4 3 1 2 | ./checker_Mac 4 3 1 2

./push_swap 4 3 2 1 | ./checker_Mac 4 3 2 1

./push_swap 2 4 3 1 | ./checker_Mac 2 4 3 1

./push_swap 4 2 3 1 | ./checker_Mac 4 2 3 1

** TOO MUCH MOVES FOR THESE TESTS (MAX = 12) **

./push_swap 2 3 1 4 5 | wc -l

./push_swap 3 2 1 4 5 | wc -l

./push_swap 4 2 1 3 5 | wc -l

./push_swap 2 4 1 3 5 | wc -l

./push_swap 3 4 2 1 5 | wc -l

./push_swap 4 2 3 1 5 | wc -l

./push_swap 3 2 4 1 5 | wc -l

./push_swap 3 5 1 4 2 | wc -l

./push_swap 5 3 1 4 2 | wc -l

./push_swap 4 5 1 3 2 | wc -l

./push_swap 4 1 5 3 2 | wc -l

./push_swap 4 1 3 5 2 | wc -l

./push_swap 2 4 1 5 3 | wc -l

./push_swap 4 2 1 5 3 | wc -l

./push_swap 4 5 2 1 3 | wc -l

./push_swap 5 2 4 1 3 | wc -l

./push_swap 4 2 5 1 3 | wc -l

./push_swap 5 2 1 4 3 | wc -l

./push_swap 4 1 5 2 3 | wc -l

./push_swap 3 1 5 2 4 | wc -l

./push_swap 1 3 5 2 4 | wc -l

./push_swap 5 3 1 2 4 | wc -l

./push_swap 3 5 1 2 4 | wc -l

./push_swap 1 5 3 2 4 | wc -l

./push_swap 5 1 3 2 4 | wc -l

./push_swap 2 3 1 5 4 | wc -l

./push_swap 3 5 2 1 4 | wc -l

./push_swap 5 3 2 1 4 | wc -l

./push_swap 2 3 5 1 4 | wc -l

./push_swap 5 2 3 1 4 | wc -l

./push_swap 2 5 3 1 4 | wc -l

./push_swap 2 5 1 3 4 | wc -l

./push_swap 5 2 1 3 4 | wc -l

./push_swap 4 5 2 3 1 | wc -l

./push_swap 5 4 2 3 1 | wc -l

./push_swap 2 4 5 3 1 | wc -l

./push_swap 4 2 5 3 1 | wc -l

./push_swap 3 5 4 2 1 | wc -l

./push_swap 5 3 4 2 1 | wc -l

./push_swap 4 3 5 2 1 | wc -l

./push_swap 3 4 5 2 1 | wc -l

./push_swap 4 5 3 2 1 | wc -l

./push_swap 4 2 3 5 1 | wc -l

./push_swap 2 4 3 5 1 | wc -l

./push_swap 3 4 2 5 1 | wc -l

./push_swap 3 2 4 5 1 | wc -l

./push_swap 5 3 2 4 1 | wc -l

./push_swap 3 5 2 4 1 | wc -l


** KO ON THESE TESTS **

./push_swap 4 2 1 3 5 | ./checker_Mac 4 2 1 3 5

./push_swap 1 3 4 2 5 | ./checker_Mac 1 3 4 2 5

./push_swap 3 1 4 2 5 | ./checker_Mac 3 1 4 2 5

./push_swap 4 1 3 2 5 | ./checker_Mac 4 1 3 2 5

./push_swap 1 4 3 2 5 | ./checker_Mac 1 4 3 2 5

./push_swap 3 4 1 2 5 | ./checker_Mac 3 4 1 2 5

./push_swap 4 3 1 2 5 | ./checker_Mac 4 3 1 2 5

./push_swap 4 3 2 1 5 | ./checker_Mac 4 3 2 1 5

./push_swap 3 4 2 1 5 | ./checker_Mac 3 4 2 1 5

./push_swap 2 4 3 1 5 | ./checker_Mac 2 4 3 1 5

./push_swap 4 2 3 1 5 | ./checker_Mac 4 2 3 1 5

./push_swap 2 3 4 1 5 | ./checker_Mac 2 3 4 1 5

./push_swap 5 3 4 1 2 | ./checker_Mac 5 3 4 1 2

./push_swap 3 5 4 1 2 | ./checker_Mac 3 5 4 1 2

./push_swap 5 4 3 1 2 | ./checker_Mac 5 4 3 1 2

./push_swap 1 3 5 4 2 | ./checker_Mac 1 3 5 4 2

./push_swap 3 1 5 4 2 | ./checker_Mac 3 1 5 4 2

./push_swap 5 1 3 4 2 | ./checker_Mac 5 1 3 4 2

./push_swap 1 5 3 4 2 | ./checker_Mac 1 5 3 4 2

./push_swap 5 4 1 3 2 | ./checker_Mac 5 4 1 3 2

./push_swap 1 5 4 3 2 | ./checker_Mac 1 5 4 3 2

./push_swap 5 1 4 3 2 | ./checker_Mac 5 1 4 3 2

./push_swap 4 3 1 5 2 | ./checker_Mac 4 3 1 5 2

./push_swap 3 4 1 5 2 | ./checker_Mac 3 4 1 5 2

./push_swap 4 2 1 5 3 | ./checker_Mac 4 2 1 5 3

./push_swap 5 4 2 1 3 | ./checker_Mac 5 4 2 1 3

./push_swap 2 5 4 1 3 | ./checker_Mac 2 5 4 1 3

./push_swap 4 2 5 1 3 | ./checker_Mac 4 2 5 1 3

./push_swap 2 1 5 4 3 | ./checker_Mac 2 1 5 4 3

./push_swap 1 2 5 4 3 | ./checker_Mac 1 2 5 4 3

./push_swap 2 5 1 4 3 | ./checker_Mac 2 5 1 4 3

./push_swap 1 5 2 4 3 | ./checker_Mac 1 5 2 4 3

./push_swap 5 1 2 4 3 | ./checker_Mac 5 1 2 4 3

./push_swap 5 1 4 2 3 | ./checker_Mac 5 1 4 2 3

./push_swap 1 5 4 2 3 | ./checker_Mac 1 5 4 2 3

./push_swap 5 4 1 2 3 | ./checker_Mac 5 4 1 2 3

./push_swap 2 1 3 5 4 | ./checker_Mac 2 1 3 5 4

./push_swap 1 2 3 5 4 | ./checker_Mac 1 2 3 5 4

./push_swap 3 2 1 5 4 | ./checker_Mac 3 2 1 5 4

./push_swap 2 3 1 5 4 | ./checker_Mac 2 3 1 5 4

./push_swap 1 3 2 5 4 | ./checker_Mac 1 3 2 5 4

./push_swap 3 1 2 5 4 | ./checker_Mac 3 1 2 5 4

./push_swap 3 2 5 1 4 | ./checker_Mac 3 2 5 1 4

./push_swap 2 5 1 3 4 | ./checker_Mac 2 5 1 3 4

./push_swap 1 2 5 3 4 | ./checker_Mac 1 2 5 3 4

./push_swap 2 1 5 3 4 | ./checker_Mac 2 1 5 3 4

./push_swap 5 1 2 3 4 | ./checker_Mac 5 1 2 3 4

./push_swap 1 5 2 3 4 | ./checker_Mac 1 5 2 3 4

./push_swap 5 4 2 3 1 | ./checker_Mac 5 4 2 3 1

./push_swap 5 2 4 3 1 | ./checker_Mac 5 2 4 3 1

./push_swap 2 5 4 3 1 | ./checker_Mac 2 5 4 3 1

./push_swap 3 5 4 2 1 | ./checker_Mac 3 5 4 2 1

./push_swap 5 3 4 2 1 | ./checker_Mac 5 3 4 2 1

./push_swap 5 4 3 2 1 | ./checker_Mac 5 4 3 2 1

./push_swap 3 4 2 5 1 | ./checker_Mac 3 4 2 5 1

./push_swap 4 3 2 5 1 | ./checker_Mac 4 3 2 5 1

./push_swap 3 2 5 4 1 | ./checker_Mac 3 2 5 4 1

./push_swap 2 3 5 4 1 | ./checker_Mac 2 3 5 4 1

./push_swap 2 5 3 4 1 | ./checker_Mac 2 5 3 4 1

./push_swap 5 2 3 4 1 | ./checker_Mac 5 2 3 4 1

** KO ON THESE TESTS **

./push_swap -1247094566 1994429731 948098726 748970517 -1346636703 -260419545 -2093738170 196396121 -739001185 -484718313 240639300 293630779 2060756051 -1967553082 1453097642 -1575580680 -1170272762 -109740559 -2138508595 -1212503035 912627429 1266786354 -136310648 -1711436974 1873119112 -380879369 -1512761293 -757355446 1533515666 -593654424 -1738451802 -54340301 -221512388 -1400379253 -388746252 -1453429026 -412003204 -1533509888 -974783763 -1441787672 285899427 -1383827748 -1512474707 1690707872 196977521 -1915876789 -1745052508 -387356730 1035017254 1403701562 1953035747 -1239878458 1726053292 5187287 1996739051 1843239034 -503331177 113173297 -794631088 -1797174702 729543945 1619506613 -1239219962 -552158387 1414879276 -1321199646 -1291207688 -1153214963 445547748 -2049267109 -768126626 1968701682 2132504844 1515276510 789293004 1410523487 1217872633 2088232369 -708265460 -1214752758 -1455589286 495401968 191894650 -1087840867 1432548626 -1742840041 904400497 1984784624 918485761 -1531200044 -1155278624 177981602 1161403410 -41217785 -927394442 -1070357813 1119870669 -133774532 387207883 1011063630 | ./checker_Mac -1247094566 1994429731 948098726 748970517 -1346636703 -260419545 -2093738170 196396121 -739001185 -484718313 240639300 293630779 2060756051 -1967553082 1453097642 -1575580680 -1170272762 -109740559 -2138508595 -1212503035 912627429 1266786354 -136310648 -1711436974 1873119112 -380879369 -1512761293 -757355446 1533515666 -593654424 -1738451802 -54340301 -221512388 -1400379253 -388746252 -1453429026 -412003204 -1533509888 -974783763 -1441787672 285899427 -1383827748 -1512474707 1690707872 196977521 -1915876789 -1745052508 -387356730 1035017254 1403701562 1953035747 -1239878458 1726053292 5187287 1996739051 1843239034 -503331177 113173297 -794631088 -1797174702 729543945 1619506613 -1239219962 -552158387 1414879276 -1321199646 -1291207688 -1153214963 445547748 -2049267109 -768126626 1968701682 2132504844 1515276510 789293004 1410523487 1217872633 2088232369 -708265460 -1214752758 -1455589286 495401968 191894650 -1087840867 1432548626 -1742840041 904400497 1984784624 918485761 -1531200044 -1155278624 177981602 1161403410 -41217785 -927394442 -1070357813 1119870669 -133774532 387207883 1011063630

./push_swap -58051447 1009037849 -2075735744 926061224 -1054840645 -276735411 1827146195 -107541547 -1437867959 1084473818 -1327085719 -2115068966 -263468893 -79988030 -937970855 -1684873127 -874308326 1290591815 -1621616111 -1972775070 -1668697841 1124858428 1082411500 1084187739 272339123 -1338359400 2012357632 -691833767 -991365638 50357390 501790024 496201944 -157030485 -2074141470 986848826 397499739 -1826258516 369211784 -1384323654 1753947543 -2002731771 416853448 1134935754 -286731762 1485462996 101468139 -775341550 1599704530 -264480374 -78083890 -1049686000 -1552134009 302777939 111196528 -766763392 -1803349549 395251329 -1798912068 -11813550 -735185337 956282287 1591367808 44149593 -42344198 1426128211 -2130848575 -1541375110 -596939871 -1420299351 1527428186 -90445895 -1804815370 1745294467 -229853518 1594792590 -1660361938 -1666377289 1576821734 -1136561525 -576416510 1848055811 -937702347 585702231 1628658867 -1033601070 -765626728 -1660042811 -323065776 -238947077 1090389414 302887040 767931865 302081207 -1074295697 1893903821 1641711325 -1849742600 -244906285 -318413499 -1846842668 | ./checker_Mac -58051447 1009037849 -2075735744 926061224 -1054840645 -276735411 1827146195 -107541547 -1437867959 1084473818 -1327085719 -2115068966 -263468893 -79988030 -937970855 -1684873127 -874308326 1290591815 -1621616111 -1972775070 -1668697841 1124858428 1082411500 1084187739 272339123 -1338359400 2012357632 -691833767 -991365638 50357390 501790024 496201944 -157030485 -2074141470 986848826 397499739 -1826258516 369211784 -1384323654 1753947543 -2002731771 416853448 1134935754 -286731762 1485462996 101468139 -775341550 1599704530 -264480374 -78083890 -1049686000 -1552134009 302777939 111196528 -766763392 -1803349549 395251329 -1798912068 -11813550 -735185337 956282287 1591367808 44149593 -42344198 1426128211 -2130848575 -1541375110 -596939871 -1420299351 1527428186 -90445895 -1804815370 1745294467 -229853518 1594792590 -1660361938 -1666377289 1576821734 -1136561525 -576416510 1848055811 -937702347 585702231 1628658867 -1033601070 -765626728 -1660042811 -323065776 -238947077 1090389414 302887040 767931865 302081207 -1074295697 1893903821 1641711325 -1849742600 -244906285 -318413499 -1846842668

./push_swap -399308912 47046123 618382874 -792997658 -1575220914 -158782996 1099212930 -1177764648 1623426842 935117224 2042096524 -368003599 -1113636958 1341703124 -30677794 1788828201 1826489934 1421774623 -1808648777 -1480018089 901983961 -1953983495 317023405 78015397 2035917944 -679306487 -1749773523 375760606 -1661542000 1007294788 -1733515531 168377040 2030840745 -1757906831 -312692058 -528992497 588176907 -1096801446 447823102 208753620 675296268 901863914 -959987061 768410799 300663484 1092680081 19342937 271153604 -376993219 -1326534675 -1120256940 -1043522673 -574583949 1284805724 -1544309397 2100432376 437795493 1940311104 2023604135 1715303386 -461295889 -1074890856 -1892833827 -451144416 -497640735 364116105 584952383 393747014 1716751136 77463614 -1367975610 -1432255444 1280438755 466548505 -437076961 590734054 382196700 -1666776945 1417245463 -179813070 1670537827 353858613 736231010 1624983999 400159059 -467792743 195808174 -2101270747 -81077 -390828382 -1102783890 1391636299 -1199002360 1133230646 -863640217 -785185462 -1194191052 -1383171086 -179825684 2083966456 | ./checker_Mac -399308912 47046123 618382874 -792997658 -1575220914 -158782996 1099212930 -1177764648 1623426842 935117224 2042096524 -368003599 -1113636958 1341703124 -30677794 1788828201 1826489934 1421774623 -1808648777 -1480018089 901983961 -1953983495 317023405 78015397 2035917944 -679306487 -1749773523 375760606 -1661542000 1007294788 -1733515531 168377040 2030840745 -1757906831 -312692058 -528992497 588176907 -1096801446 447823102 208753620 675296268 901863914 -959987061 768410799 300663484 1092680081 19342937 271153604 -376993219 -1326534675 -1120256940 -1043522673 -574583949 1284805724 -1544309397 2100432376 437795493 1940311104 2023604135 1715303386 -461295889 -1074890856 -1892833827 -451144416 -497640735 364116105 584952383 393747014 1716751136 77463614 -1367975610 -1432255444 1280438755 466548505 -437076961 590734054 382196700 -1666776945 1417245463 -179813070 1670537827 353858613 736231010 1624983999 400159059 -467792743 195808174 -2101270747 -81077 -390828382 -1102783890 1391636299 -1199002360 1133230646 -863640217 -785185462 -1194191052 -1383171086 -179825684 2083966456

./push_swap -983188699 1187880393 -680308476 -330157617 -1745031717 2105414173 -160140354 2002518719 -1319562631 -1486056225 -1899007261 1966749424 -1746966604 602893010 -1537122134 -1340906463 -1644476777 1776797405 1109103010 1997767281 1998925183 1033844796 -492366079 -971108349 -184138771 1248717951 -2063275731 1736400415 234740411 -545904799 1362459719 -448288930 -507824930 1157759748 -22730377 962093437 -753751828 1203350294 -390728786 1265789158 659840550 278443879 -1076028553 -1452727047 -1155087345 214912305 -984502299 -776285144 -181237262 1408410520 1268310268 336464334 2016529434 1620734726 1612939304 -640914304 -158387160 2112393644 629399139 2021131808 1502391583 -1368058566 -1365531497 -1444279907 1031389120 -1093230993 1899072067 526883761 552764652 382167161 -540657859 -1872356086 -1912344445 349921324 423440746 -1189824851 900764622 -2119061105 -7877543 -1566389204 -270630016 1277522376 -1596265191 -109709253 -1100637557 125293 1412792451 -1036437529 2083148926 600639978 -624411453 -289529691 -1803275589 371666361 -1733838179 -580133581 -415628990 1628075214 -511841839 -1048886675 | ./checker_Mac -983188699 1187880393 -680308476 -330157617 -1745031717 2105414173 -160140354 2002518719 -1319562631 -1486056225 -1899007261 1966749424 -1746966604 602893010 -1537122134 -1340906463 -1644476777 1776797405 1109103010 1997767281 1998925183 1033844796 -492366079 -971108349 -184138771 1248717951 -2063275731 1736400415 234740411 -545904799 1362459719 -448288930 -507824930 1157759748 -22730377 962093437 -753751828 1203350294 -390728786 1265789158 659840550 278443879 -1076028553 -1452727047 -1155087345 214912305 -984502299 -776285144 -181237262 1408410520 1268310268 336464334 2016529434 1620734726 1612939304 -640914304 -158387160 2112393644 629399139 2021131808 1502391583 -1368058566 -1365531497 -1444279907 1031389120 -1093230993 1899072067 526883761 552764652 382167161 -540657859 -1872356086 -1912344445 349921324 423440746 -1189824851 900764622 -2119061105 -7877543 -1566389204 -270630016 1277522376 -1596265191 -109709253 -1100637557 125293 1412792451 -1036437529 2083148926 600639978 -624411453 -289529691 -1803275589 371666361 -1733838179 -580133581 -415628990 1628075214 -511841839 -1048886675

./push_swap -1392280987 550998125 773114842 -117282202 1329033359 2059277925 760015213 2049973336 -562783850 -145587108 2103618079 331713371 -471665296 1657691917 1412163579 1626104263 -1598322920 -1992711103 342473883 -1697292337 283641482 776621329 1977832540 -84129435 -90298 -636345609 -111667361 1898424046 2085026509 -1358068520 -1950137798 268019080 -771470752 1965686019 2096863511 -562226179 2062202975 -1213028651 987489482 1430642672 -1451520806 -476812905 -1598660346 -677144632 1356051863 1735079546 -223442806 -746934064 44176857 -69206537 1625715476 -270874844 -555666616 618681269 -1290317568 -1778383836 1267123099 1090377980 1593685957 -1136944256 -438258464 129586980 319763400 1684165656 -544707591 -1012350240 1882460180 1867313960 -878645300 1300222220 2043490605 -826305285 -285129309 476140529 -791034456 -1544838334 -1178126925 993968811 123917767 143429106 -1905809930 2135015881 2032711227 1571455916 -580076424 2006534259 1245393167 -127904552 -551166711 -162089436 -345718029 -1683722588 215479120 388235598 -1939397613 371370895 150350908 -2077457823 -1191558363 -1413343645 | ./checker_Mac -1392280987 550998125 773114842 -117282202 1329033359 2059277925 760015213 2049973336 -562783850 -145587108 2103618079 331713371 -471665296 1657691917 1412163579 1626104263 -1598322920 -1992711103 342473883 -1697292337 283641482 776621329 1977832540 -84129435 -90298 -636345609 -111667361 1898424046 2085026509 -1358068520 -1950137798 268019080 -771470752 1965686019 2096863511 -562226179 2062202975 -1213028651 987489482 1430642672 -1451520806 -476812905 -1598660346 -677144632 1356051863 1735079546 -223442806 -746934064 44176857 -69206537 1625715476 -270874844 -555666616 618681269 -1290317568 -1778383836 1267123099 1090377980 1593685957 -1136944256 -438258464 129586980 319763400 1684165656 -544707591 -1012350240 1882460180 1867313960 -878645300 1300222220 2043490605 -826305285 -285129309 476140529 -791034456 -1544838334 -1178126925 993968811 123917767 143429106 -1905809930 2135015881 2032711227 1571455916 -580076424 2006534259 1245393167 -127904552 -551166711 -162089436 -345718029 -1683722588 215479120 388235598 -1939397613 371370895 150350908 -2077457823 -1191558363 -1413343645

** KO ON THESE TESTS **

./push_swap -473505083 -1748908775 -2084278220 1437629571 95275473 -521440227 1542205843 620406158 -1383479145 -1834156713 1104018028 -615978102 -658217033 1965276265 -333894928 -1861480663 1095505749 1520880259 -1253742596 -1696735931 202982342 -1397106589 1509217627 1467606070 -1869029151 -951056138 2000495018 -773357808 -157220913 -1040163072 1789922665 1420683340 -1058394261 -512936710 182940039 -241874579 -1533736991 -1180183451 -1384223729 -2066865832 905521988 -865285916 1355791469 -929059159 1867247446 -68974041 1068899724 -1020859070 21591477 1287508492 1622659660 291184296 407815623 -650824755 -566505549 773034238 407489289 -634735601 1889734066 -484320138 673427061 -1193453164 606928118 303711243 407904675 732237691 -11228533 -862252007 1752805894 -1315969580 763723437 -877141705 341438895 -1620098580 54095483 595657897 -266205807 286278053 -1744698650 2075987576 -1033251232 -2018919527 -204879578 -490206316 1766980239 -1481556527 -1635569818 -1334969891 -403607094 1102166418 1039352001 -110656972 144629794 -556271071 -127570745 198763367 954007190 977777287 1728070557 -2051027117 -97324158 603286092 1404121417 37770972 1163172643 -2029827057 -621902401 1712698952 -842789008 1364014034 702351723 -77721530 -470343610 -1664697868 -1981939119 1337337860 -2093216020 776756529 -1308063194 1005711880 -979023680 -789051882 -15946327 160726401 636919160 2053224095 2007035955 1707321736 121005524 -7265800 966510254 -663560408 -1884496399 -913101331 732093695 -2056534873 56401960 -1971776578 397927384 262486483 -1440386610 -1168871011 1759593936 119251056 -1642931991 1157308145 -1323521221 -1100957255 1587334017 -1506222627 -1882373965 -66637202 1873155385 15042363 -150632240 -1252903824 -263131147 -1919564534 -701988647 -671988632 2136362074 -963545982 1141995446 -707856445 -1502607873 -1275680475 12919825 1563504872 -1353876532 1041274070 1821274798 -78086005 299735149 -1335855132 1510839527 -632162637 -521657774 -1248381229 87671385 -934934143 -2065573610 713445989 -573943767 -15589730 944015426 623400310 207507297 -1282811267 853210497 1838826061 611012638 1776440297 -307698530 -674396626 -735755359 1699929072 -256618957 332400441 -1582361110 450546159 2131444476 -560879731 1720720320 1262080630 -77569342 84702393 -964996346 -1988764006 526846902 1440399971 -1335434951 -309135903 -1877357526 1675540544 -57315118 -871485847 1076854048 233501860 80425515 -2033352871 527284197 2003008955 46623172 -607665181 1601467386 -574352003 1349824695 524316006 -121268219 1737281396 -1450506314 -1273995793 -1637760707 262618183 -950478170 -1648806345 -41469147 266287144 -1680131751 -252860773 -2063897839 -1482949936 -1556920589 1158141515 -231991809 1211906489 1368232388 -1333362321 945239622 -985871099 -2108867168 -107595328 -80013528 964374837 1638701388 -1686154823 -986110287 1605201416 -377052194 1085603783 -28331237 -1588877422 954822483 -794969198 843529678 -149234430 -122322252 -86326334 -1311196924 826003134 -1013111094 -27679819 102410117 -1587370368 205441464 143608163 873158497 261218265 1922740261 1174996678 -1554829183 1570026111 1071037317 1726866251 -1137991554 203480188 1428582865 879893797 -129939929 1166231513 1588084766 1419109647 -2036078335 -385907150 275186801 1465542510 1947326658 -27738026 -541373384 475336593 995319635 -1938161533 442673171 1899534712 2077989775 -724236422 -2014851297 -231141187 -1045989553 223202293 -222677151 -966097958 -516355792 -408643206 850151321 -1787830332 992738427 1237578809 -2132897659 137930424 -1824612810 -500268293 -268672091 1923075380 267113225 -518126826 816285434 1958660265 2066136671 -1495323418 -406324724 201963732 -95406221 -2008859361 -824570295 -1934503736 -681503158 820194763 -782814517 -564951386 2076740070 -2111395880 -291433344 1807457662 -115294298 -1932614278 -1440019191 -519028500 1786597457 -476413798 -667563965 -1208543908 1138396720 1084785998 -1277043259 -1419277600 -1676390566 2140726057 -1882579347 1668376422 811500610 -891917978 -1443559780 -1137603909 -1307033575 193022980 836279934 979286897 -2034533596 -1627595390 1744915618 1557046951 610039430 449436859 10422231 -1108504193 265930306 -587973560 -340843127 -968385623 1266868135 1821051457 754601943 151998847 833281111 -593505137 -1190574272 -1049420899 -200447195 280705195 1608153129 569900775 -2127462967 -1466722486 -791121639 -7125293 746590032 -1213266792 -35826595 -907220802 -1578491940 -782289784 -1523760792 -222332686 1652394554 1481303399 1412353872 938950444 662893793 -1400298148 -1453991522 365692 1186907527 223033143 1222239594 -1741308986 1356568462 332936486 -1523142819 -1694676801 -972733080 1021334828 -2098686566 2009356149 -886133064 1059651624 405246466 919152037 -741847622 918069508 134365827 -485098352 -1057934608 -1226729255 -1780985494 -1477855935 218861078 -1906824757 -1438922519 -1233011288 -512446595 950979537 684081450 -1311531079 -411863673 1422464164 1304664730 1061039758 1447219967 16023615 1995250133 -1636302929 -672250731 1304285674 -677743606 1671076688 -800389214 -1780407588 -962565531 -2044300976 -603494150 -1805570217 1871070598 -477246357 -603238745 -1076276072 -576682829 -1532763296 1401921526 -756717963 -1160914664 -376022379 -720502174 225423102 -628056315 1475268217 -57731202 1122209451 1174407770 -1260068289 812958481 714218312 959235218 1377383591 1837416419 -1273930467 -450340470 660247186 -363476560 989458772 1855175777 -1961572713 1556782802 2094116058 1196151476 -1313208456 -121361920 1753284817 -1926118020 -168987996 | ./checker_Mac -473505083 -1748908775 -2084278220 1437629571 95275473 -521440227 1542205843 620406158 -1383479145 -1834156713 1104018028 -615978102 -658217033 1965276265 -333894928 -1861480663 1095505749 1520880259 -1253742596 -1696735931 202982342 -1397106589 1509217627 1467606070 -1869029151 -951056138 2000495018 -773357808 -157220913 -1040163072 1789922665 1420683340 -1058394261 -512936710 182940039 -241874579 -1533736991 -1180183451 -1384223729 -2066865832 905521988 -865285916 1355791469 -929059159 1867247446 -68974041 1068899724 -1020859070 21591477 1287508492 1622659660 291184296 407815623 -650824755 -566505549 773034238 407489289 -634735601 1889734066 -484320138 673427061 -1193453164 606928118 303711243 407904675 732237691 -11228533 -862252007 1752805894 -1315969580 763723437 -877141705 341438895 -1620098580 54095483 595657897 -266205807 286278053 -1744698650 2075987576 -1033251232 -2018919527 -204879578 -490206316 1766980239 -1481556527 -1635569818 -1334969891 -403607094 1102166418 1039352001 -110656972 144629794 -556271071 -127570745 198763367 954007190 977777287 1728070557 -2051027117 -97324158 603286092 1404121417 37770972 1163172643 -2029827057 -621902401 1712698952 -842789008 1364014034 702351723 -77721530 -470343610 -1664697868 -1981939119 1337337860 -2093216020 776756529 -1308063194 1005711880 -979023680 -789051882 -15946327 160726401 636919160 2053224095 2007035955 1707321736 121005524 -7265800 966510254 -663560408 -1884496399 -913101331 732093695 -2056534873 56401960 -1971776578 397927384 262486483 -1440386610 -1168871011 1759593936 119251056 -1642931991 1157308145 -1323521221 -1100957255 1587334017 -1506222627 -1882373965 -66637202 1873155385 15042363 -150632240 -1252903824 -263131147 -1919564534 -701988647 -671988632 2136362074 -963545982 1141995446 -707856445 -1502607873 -1275680475 12919825 1563504872 -1353876532 1041274070 1821274798 -78086005 299735149 -1335855132 1510839527 -632162637 -521657774 -1248381229 87671385 -934934143 -2065573610 713445989 -573943767 -15589730 944015426 623400310 207507297 -1282811267 853210497 1838826061 611012638 1776440297 -307698530 -674396626 -735755359 1699929072 -256618957 332400441 -1582361110 450546159 2131444476 -560879731 1720720320 1262080630 -77569342 84702393 -964996346 -1988764006 526846902 1440399971 -1335434951 -309135903 -1877357526 1675540544 -57315118 -871485847 1076854048 233501860 80425515 -2033352871 527284197 2003008955 46623172 -607665181 1601467386 -574352003 1349824695 524316006 -121268219 1737281396 -1450506314 -1273995793 -1637760707 262618183 -950478170 -1648806345 -41469147 266287144 -1680131751 -252860773 -2063897839 -1482949936 -1556920589 1158141515 -231991809 1211906489 1368232388 -1333362321 945239622 -985871099 -2108867168 -107595328 -80013528 964374837 1638701388 -1686154823 -986110287 1605201416 -377052194 1085603783 -28331237 -1588877422 954822483 -794969198 843529678 -149234430 -122322252 -86326334 -1311196924 826003134 -1013111094 -27679819 102410117 -1587370368 205441464 143608163 873158497 261218265 1922740261 1174996678 -1554829183 1570026111 1071037317 1726866251 -1137991554 203480188 1428582865 879893797 -129939929 1166231513 1588084766 1419109647 -2036078335 -385907150 275186801 1465542510 1947326658 -27738026 -541373384 475336593 995319635 -1938161533 442673171 1899534712 2077989775 -724236422 -2014851297 -231141187 -1045989553 223202293 -222677151 -966097958 -516355792 -408643206 850151321 -1787830332 992738427 1237578809 -2132897659 137930424 -1824612810 -500268293 -268672091 1923075380 267113225 -518126826 816285434 1958660265 2066136671 -1495323418 -406324724 201963732 -95406221 -2008859361 -824570295 -1934503736 -681503158 820194763 -782814517 -564951386 2076740070 -2111395880 -291433344 1807457662 -115294298 -1932614278 -1440019191 -519028500 1786597457 -476413798 -667563965 -1208543908 1138396720 1084785998 -1277043259 -1419277600 -1676390566 2140726057 -1882579347 1668376422 811500610 -891917978 -1443559780 -1137603909 -1307033575 193022980 836279934 979286897 -2034533596 -1627595390 1744915618 1557046951 610039430 449436859 10422231 -1108504193 265930306 -587973560 -340843127 -968385623 1266868135 1821051457 754601943 151998847 833281111 -593505137 -1190574272 -1049420899 -200447195 280705195 1608153129 569900775 -2127462967 -1466722486 -791121639 -7125293 746590032 -1213266792 -35826595 -907220802 -1578491940 -782289784 -1523760792 -222332686 1652394554 1481303399 1412353872 938950444 662893793 -1400298148 -1453991522 365692 1186907527 223033143 1222239594 -1741308986 1356568462 332936486 -1523142819 -1694676801 -972733080 1021334828 -2098686566 2009356149 -886133064 1059651624 405246466 919152037 -741847622 918069508 134365827 -485098352 -1057934608 -1226729255 -1780985494 -1477855935 218861078 -1906824757 -1438922519 -1233011288 -512446595 950979537 684081450 -1311531079 -411863673 1422464164 1304664730 1061039758 1447219967 16023615 1995250133 -1636302929 -672250731 1304285674 -677743606 1671076688 -800389214 -1780407588 -962565531 -2044300976 -603494150 -1805570217 1871070598 -477246357 -603238745 -1076276072 -576682829 -1532763296 1401921526 -756717963 -1160914664 -376022379 -720502174 225423102 -628056315 1475268217 -57731202 1122209451 1174407770 -1260068289 812958481 714218312 959235218 1377383591 1837416419 -1273930467 -450340470 660247186 -363476560 989458772 1855175777 -1961572713 1556782802 2094116058 1196151476 -1313208456 -121361920 1753284817 -1926118020 -168987996

./push_swap -1342556162 1757999363 -1450858487 1701588345 -2073869156 -403457406 -923137165 641112996 -1462239564 729958726 188053807 805225556 445162311 1098606332 1306610397 1982651695 516715876 -376608796 991069348 -1650990005 503491854 1027214748 -49840183 -2108077877 -1646641038 1160888090 -1069136454 -1416859516 -450018316 1355486433 880988048 -108827248 -254379029 1729423724 1779632562 -1629256549 1764508297 1444371014 -819368873 -99083213 266105638 -2016878487 69206222 -414938005 -1298521604 -691880382 671846463 1812488174 -270750124 567378886 -1272562849 1285648191 -1045560902 -849516304 1239379990 1039628947 -1532632075 -916541948 815307395 -343384930 1326698063 -1009612725 -497552898 1726690639 1268901923 -91508894 -1366011594 844267486 1900720848 777145206 991510716 -527716042 -1808578279 -519547953 -1130057475 1654929473 -1655431190 -1399367518 1483927267 -1784153601 787474519 516474037 578265013 -10664559 -1495168936 1233939701 1990689685 -943100687 1655058980 1472764842 1371875313 560331818 -335455540 -1864124635 -1981328485 -382920602 -885576095 645460634 -2096260000 148356901 1764865253 -562680354 2011295160 1320720292 -668107482 -737490906 -650815341 -1120860239 164300956 1325785624 -899587065 -2136483694 2140264206 1677546318 147694057 675354424 -643134137 -487235042 -154977700 560537724 2029789610 -1082629352 -1935490822 1019772535 906500657 1728004863 -1171459472 -1658577153 -165875120 -1233389064 2033415491 -2087619310 1854727151 89681968 746122630 10695522 -215069147 1131735759 614198746 157004653 -1366764923 -589209128 1458082287 -1924028884 986525190 720370999 1887281400 -2118976816 1446776967 1922913611 -739562550 -554249284 -245733559 419577578 -756574664 -9791793 913455151 -1297165626 -539382823 -955292556 -1271421001 1262447684 517383261 117515643 2013758904 152987949 1258193448 -1682882452 -876938315 275036019 1305739725 -2038911909 -203116533 -877382470 -1910745422 -303621962 1483842895 -974568852 275389483 714802286 -486954983 919152530 -1800723532 -1886578785 -986644113 -1563366647 -267062405 -957088536 -1832194861 1882829811 -1392480567 2076880552 -137669537 11704086 -1112353190 -1452529206 -1786985271 -1089633446 -1552289343 -542204769 1700269284 1229814523 1019149582 -366467538 1044310582 -24152065 -1961425836 -698564275 -1352558966 982516738 1451696300 5972872 -962862893 -1198163869 -970171055 606835779 -2069830817 243826254 -1864617570 762996912 1345618328 -302943473 -2131781304 -916869365 1991847031 252769371 -423684932 -220069345 2132050502 -1646458614 -276619573 -531761724 -2019923124 2042297215 10766198 -726535026 1404837413 -1579374670 686953602 1491361192 1458617876 -344583234 727977212 1378649274 -333947871 1989584967 -611715385 976543364 845974485 1682798385 -1452027116 -750992735 -1584445865 -1521324633 -1027480862 -2735893 -1483131058 -717347237 205224540 474415913 1157351548 -49155206 352251976 1152265232 -668785006 585112717 1842423469 -861839584 -1092025718 2117688151 1162029934 -1224081703 -1419542984 869599088 -917452705 -1821950269 -153663498 -1468038894 -733380332 -1598239778 -1870381500 1482720052 1770948981 631850950 2086948444 1684591936 -594433005 -170748991 745892461 579182681 1509255210 -1697291292 1817295682 -1176416757 442087239 1795387340 -530732778 325328513 1109029171 -1438493478 -1964306517 235867268 1812409473 595546046 -155092923 261180137 -668599473 -181137896 -62405606 -21359500 626056514 1107390838 -778660285 2109905307 -1208546065 1465429354 -1124210418 -2112264312 -231590863 1776417070 1547612119 -1909515975 1920835243 1633476860 -1605533764 -741019969 -373542099 1194067513 218896061 262593965 -1940347650 572508606 1048620246 -1657550734 823685378 -54193382 -139694749 -1526150301 2072678340 -248682912 -1782945398 -359725481 141181372 1819766727 -972674088 1635454602 1118453461 744067040 1750527984 2146256275 -1938314046 472116401 -995638965 242140966 1116181468 -1225914856 932521485 -1910060979 35321018 -856012480 -1875271582 -1567471122 381948717 -100639450 -125065231 1292447336 1810453722 1689153322 974230211 -1237376475 -312704791 962640234 -1411948037 1372875561 -1308763872 -320450137 1121536256 -434394342 -1064263649 -1033336048 -1290862105 1472280687 -742904268 962116760 -1467322020 1815333241 -698755931 554023559 -726690789 -2117445670 1029636417 467958972 -1754998017 -2108195141 -1910510003 -838340477 -2089131423 -112284106 -991760141 -1305034744 -1945333942 -451044299 -1811307289 -2083481959 -470608902 1767479566 -545756261 -1459951117 -1244221232 997467943 -1395340315 92296691 1621699728 1903039885 1544723223 -395844762 -1788311733 -1621523594 -589228051 880616372 -1574984486 -760508838 1720789996 -820884909 308497663 496620493 -1514489025 -684912181 1072867629 -315837468 -1290805754 -1160486063 1768453684 -1779991224 -651666969 -778410300 263618785 -172344535 -1158368666 -1426855823 -1919890038 1231880566 1687997740 -688994705 -1404112973 -145307399 -1606593762 1895138596 1911809258 878635189 1724521368 -361046432 1495928653 2067002854 -389250231 1127590489 -1254239919 -2045661615 2130082965 207354741 -453448733 457242633 1011446823 162661193 -78121078 -788248106 1095524363 752125840 1331023794 155670440 588923733 -1624394310 626832092 -698227334 1833783390 -509631039 -1465515671 -912025843 -123077645 -784580083 1571159271 301695384 -1190967911 1507471864 -968323467 -34320959 -238788755 -599835927 -1971523529 953584820 1549863501 37714019 836884096 381537071 1582254139 389341100 1233353341 266039284 1620739645 -1775192327 | ./checker_Mac -1342556162 1757999363 -1450858487 1701588345 -2073869156 -403457406 -923137165 641112996 -1462239564 729958726 188053807 805225556 445162311 1098606332 1306610397 1982651695 516715876 -376608796 991069348 -1650990005 503491854 1027214748 -49840183 -2108077877 -1646641038 1160888090 -1069136454 -1416859516 -450018316 1355486433 880988048 -108827248 -254379029 1729423724 1779632562 -1629256549 1764508297 1444371014 -819368873 -99083213 266105638 -2016878487 69206222 -414938005 -1298521604 -691880382 671846463 1812488174 -270750124 567378886 -1272562849 1285648191 -1045560902 -849516304 1239379990 1039628947 -1532632075 -916541948 815307395 -343384930 1326698063 -1009612725 -497552898 1726690639 1268901923 -91508894 -1366011594 844267486 1900720848 777145206 991510716 -527716042 -1808578279 -519547953 -1130057475 1654929473 -1655431190 -1399367518 1483927267 -1784153601 787474519 516474037 578265013 -10664559 -1495168936 1233939701 1990689685 -943100687 1655058980 1472764842 1371875313 560331818 -335455540 -1864124635 -1981328485 -382920602 -885576095 645460634 -2096260000 148356901 1764865253 -562680354 2011295160 1320720292 -668107482 -737490906 -650815341 -1120860239 164300956 1325785624 -899587065 -2136483694 2140264206 1677546318 147694057 675354424 -643134137 -487235042 -154977700 560537724 2029789610 -1082629352 -1935490822 1019772535 906500657 1728004863 -1171459472 -1658577153 -165875120 -1233389064 2033415491 -2087619310 1854727151 89681968 746122630 10695522 -215069147 1131735759 614198746 157004653 -1366764923 -589209128 1458082287 -1924028884 986525190 720370999 1887281400 -2118976816 1446776967 1922913611 -739562550 -554249284 -245733559 419577578 -756574664 -9791793 913455151 -1297165626 -539382823 -955292556 -1271421001 1262447684 517383261 117515643 2013758904 152987949 1258193448 -1682882452 -876938315 275036019 1305739725 -2038911909 -203116533 -877382470 -1910745422 -303621962 1483842895 -974568852 275389483 714802286 -486954983 919152530 -1800723532 -1886578785 -986644113 -1563366647 -267062405 -957088536 -1832194861 1882829811 -1392480567 2076880552 -137669537 11704086 -1112353190 -1452529206 -1786985271 -1089633446 -1552289343 -542204769 1700269284 1229814523 1019149582 -366467538 1044310582 -24152065 -1961425836 -698564275 -1352558966 982516738 1451696300 5972872 -962862893 -1198163869 -970171055 606835779 -2069830817 243826254 -1864617570 762996912 1345618328 -302943473 -2131781304 -916869365 1991847031 252769371 -423684932 -220069345 2132050502 -1646458614 -276619573 -531761724 -2019923124 2042297215 10766198 -726535026 1404837413 -1579374670 686953602 1491361192 1458617876 -344583234 727977212 1378649274 -333947871 1989584967 -611715385 976543364 845974485 1682798385 -1452027116 -750992735 -1584445865 -1521324633 -1027480862 -2735893 -1483131058 -717347237 205224540 474415913 1157351548 -49155206 352251976 1152265232 -668785006 585112717 1842423469 -861839584 -1092025718 2117688151 1162029934 -1224081703 -1419542984 869599088 -917452705 -1821950269 -153663498 -1468038894 -733380332 -1598239778 -1870381500 1482720052 1770948981 631850950 2086948444 1684591936 -594433005 -170748991 745892461 579182681 1509255210 -1697291292 1817295682 -1176416757 442087239 1795387340 -530732778 325328513 1109029171 -1438493478 -1964306517 235867268 1812409473 595546046 -155092923 261180137 -668599473 -181137896 -62405606 -21359500 626056514 1107390838 -778660285 2109905307 -1208546065 1465429354 -1124210418 -2112264312 -231590863 1776417070 1547612119 -1909515975 1920835243 1633476860 -1605533764 -741019969 -373542099 1194067513 218896061 262593965 -1940347650 572508606 1048620246 -1657550734 823685378 -54193382 -139694749 -1526150301 2072678340 -248682912 -1782945398 -359725481 141181372 1819766727 -972674088 1635454602 1118453461 744067040 1750527984 2146256275 -1938314046 472116401 -995638965 242140966 1116181468 -1225914856 932521485 -1910060979 35321018 -856012480 -1875271582 -1567471122 381948717 -100639450 -125065231 1292447336 1810453722 1689153322 974230211 -1237376475 -312704791 962640234 -1411948037 1372875561 -1308763872 -320450137 1121536256 -434394342 -1064263649 -1033336048 -1290862105 1472280687 -742904268 962116760 -1467322020 1815333241 -698755931 554023559 -726690789 -2117445670 1029636417 467958972 -1754998017 -2108195141 -1910510003 -838340477 -2089131423 -112284106 -991760141 -1305034744 -1945333942 -451044299 -1811307289 -2083481959 -470608902 1767479566 -545756261 -1459951117 -1244221232 997467943 -1395340315 92296691 1621699728 1903039885 1544723223 -395844762 -1788311733 -1621523594 -589228051 880616372 -1574984486 -760508838 1720789996 -820884909 308497663 496620493 -1514489025 -684912181 1072867629 -315837468 -1290805754 -1160486063 1768453684 -1779991224 -651666969 -778410300 263618785 -172344535 -1158368666 -1426855823 -1919890038 1231880566 1687997740 -688994705 -1404112973 -145307399 -1606593762 1895138596 1911809258 878635189 1724521368 -361046432 1495928653 2067002854 -389250231 1127590489 -1254239919 -2045661615 2130082965 207354741 -453448733 457242633 1011446823 162661193 -78121078 -788248106 1095524363 752125840 1331023794 155670440 588923733 -1624394310 626832092 -698227334 1833783390 -509631039 -1465515671 -912025843 -123077645 -784580083 1571159271 301695384 -1190967911 1507471864 -968323467 -34320959 -238788755 -599835927 -1971523529 953584820 1549863501 37714019 836884096 381537071 1582254139 389341100 1233353341 266039284 1620739645 -1775192327

./push_swap -767716975 1101005457 1975110867 -1341500841 -56968572 266310118 1538681570 1079767471 1597127403 -1387511794 311153940 1840271998 -100251190 -340022709 -1973169720 1748334072 2064424907 828795688 2020718005 806894210 -725091969 -113251973 1737206624 793377908 -323354721 -130105153 1040470396 671556376 -1319823532 -718703135 -544486760 184350074 -1227601027 -142646485 478767389 -1292137696 -1880822645 -1039325038 1438366084 1609079344 -1866677104 578784382 273422280 -557904019 754005860 1088026569 -665903056 -2101447764 1721189217 1241760099 -1442863641 237213925 -647478575 -309700571 -1864689109 -1539584394 -1656117887 1070812544 -1619648933 -1176071133 -1544987567 -1414204487 529819483 -1386799256 1527064897 165313559 -1057791897 1667755776 -657359057 -1240979520 -2037836825 -1024831464 -2002737537 -2146626384 1708574006 -437573223 -2024051201 164862467 605246432 -1696286337 -1433275593 328797528 -1190252022 -1052831303 -110624529 -2005359143 992117734 2010249122 554961782 1739647679 1589053584 -785632986 587220420 661460009 -617590069 -529292575 1577622651 -1983303006 468359572 -893541780 1974547670 886412042 -2099023167 1277110135 -396734013 -1863939599 -127252897 298475739 2088577871 -2038634190 -1135836637 1479387976 920149667 -1795599044 1435051124 803244400 1385377745 -958099843 -940370205 -1422274553 1699379829 -2078616460 322231400 -191512940 1393316871 -338217140 1447096839 -303446337 567684514 111031223 1496409827 1181764759 -1505533010 -1930769078 -960801709 123497642 -2029544992 1651294564 912521276 895168095 1331675060 -367407871 971931391 -1215067971 1858431870 636604416 1915830131 -303412123 1878827017 -361803641 -1414955851 -108970545 1085328251 -286344726 1124116225 1266325290 2096550342 -1972605566 -1287653835 399371671 1999995876 1619976373 -1959954219 -502481123 1883295706 1607410414 1696849734 1996365112 -214425639 172829579 1228570072 -783686070 -1920436678 1050834206 1069468583 -2122829626 -321654208 1249680156 345967465 -58224842 1001737264 814745795 -17735113 -1824281585 1636391780 -1546368517 980521457 -1614945581 997448307 1925711786 1989048327 -1263093763 -16015948 -619981403 -1771169589 1357900489 -1050737067 -1126434214 -1685811855 -590904976 -1517635595 1214636183 -564645606 -1436849865 693424860 957683012 277646768 -1930022756 24100093 -1834082662 -720631272 -906587755 -467488235 1486396953 1854301922 428248005 588427979 1614908129 1860783421 -1948207835 -1658437917 -509710869 -2046049006 -279119190 -204645638 -927006177 1859211463 -762484593 -1072875075 1394244497 202305373 2105071341 1545577283 698700058 -833792101 1793030316 784973304 -102408069 -913605777 -141051386 1845254443 323965800 -1246638139 -1770920684 -1047296144 -1500178496 780075002 918637763 686203418 1952063729 -1399290785 -1309979648 695599094 -343514187 -597406842 850439713 1723482407 1096825908 1592966464 -213066806 576328702 -716653942 -637614601 1450205858 934236512 760355385 335230908 -1413580942 175279327 1102651077 1560302646 -1211561389 -1327704248 -191732337 488988974 864096653 -343173740 -192015914 -1449631030 1087244063 1014907295 -635464907 605912574 -967379356 -480477120 641604363 -1345183562 -1644155532 -1624707081 1437631981 -1881090556 497094577 -830235841 -1345964201 -499645384 490105426 -1219357740 -561714733 -303846924 1960409161 -457074102 1876534254 494759712 -323089901 1431166270 -1640705295 -1644982391 1714426338 -1362414372 72190697 1642507035 -287374866 -1296262334 -410356971 233219240 -1768167417 -2010319369 2134851930 1226080184 233867331 294564294 243009894 72199761 894097341 1802775100 -701398471 1756794939 658510165 -1960101054 962304864 1244505241 753598314 -1909156846 14808038 1604578945 -1543854774 -437672103 -1169420743 -227482040 1134140269 1792118313 -1739606541 -1915678070 -1094246450 -1210743691 465725413 -313343195 -1598135810 1248733010 -1342256628 -1910452828 1493471417 -530138600 1727969306 1773581818 -1693529748 35231093 -1922775550 -1919170330 378866827 -902070810 486856689 -1615938220 -2131660163 421149340 209508823 912416796 -1956348301 69210781 -1839532800 -2108394730 1336380763 679846412 -150427161 1107811941 -1265033214 -1558167883 896156971 1010044891 826893094 -129053482 1039209166 -328686761 22081516 397899681 -904980922 1859339506 -1790762597 1806332429 -1170482497 94336148 -1616839637 1901381407 1818569789 102056435 1539813346 1652135825 -1462486614 1942091210 1752564842 1465344678 419190176 591164868 -1192307687 1581331056 -1343684561 1499971950 -861874960 910698694 1909243243 1342969638 1235185392 -1833302293 504789022 -231955988 -771443933 -426095354 -1641078177 -1819965617 1394179571 1656574795 1099900333 -2134105819 404942324 1045540756 2115366942 -111561628 132898504 -384293161 -1066944847 -1600241344 -975083656 688950777 1964679259 -1761498963 -575612669 984878087 1941621105 764911728 -279939620 358585489 -943198320 241345703 306743241 418075340 1084198880 1922444023 1784847781 -1958178512 1504319247 -1799711619 -1586168004 916942634 -1847222138 1304251365 -974422890 -246566679 -1124083724 757752094 2009774351 -1165563661 161601389 877225340 -1245732814 -951888464 125058868 759403026 -171920605 1409018480 25711002 1573964430 743939774 -1198210032 1822233281 1195666591 -1517287732 587734455 513601319 1520734726 1104160463 -1907090489 147178506 600387226 -2099226890 2046905671 298645891 -1500129086 -1743101356 -770496519 892849023 1088497766 -2086909757 -355082092 -2031251982 -2064448448 -1602443696 -1138759987 -131379109 -1162760764 248302046 | ./checker_Mac -767716975 1101005457 1975110867 -1341500841 -56968572 266310118 1538681570 1079767471 1597127403 -1387511794 311153940 1840271998 -100251190 -340022709 -1973169720 1748334072 2064424907 828795688 2020718005 806894210 -725091969 -113251973 1737206624 793377908 -323354721 -130105153 1040470396 671556376 -1319823532 -718703135 -544486760 184350074 -1227601027 -142646485 478767389 -1292137696 -1880822645 -1039325038 1438366084 1609079344 -1866677104 578784382 273422280 -557904019 754005860 1088026569 -665903056 -2101447764 1721189217 1241760099 -1442863641 237213925 -647478575 -309700571 -1864689109 -1539584394 -1656117887 1070812544 -1619648933 -1176071133 -1544987567 -1414204487 529819483 -1386799256 1527064897 165313559 -1057791897 1667755776 -657359057 -1240979520 -2037836825 -1024831464 -2002737537 -2146626384 1708574006 -437573223 -2024051201 164862467 605246432 -1696286337 -1433275593 328797528 -1190252022 -1052831303 -110624529 -2005359143 992117734 2010249122 554961782 1739647679 1589053584 -785632986 587220420 661460009 -617590069 -529292575 1577622651 -1983303006 468359572 -893541780 1974547670 886412042 -2099023167 1277110135 -396734013 -1863939599 -127252897 298475739 2088577871 -2038634190 -1135836637 1479387976 920149667 -1795599044 1435051124 803244400 1385377745 -958099843 -940370205 -1422274553 1699379829 -2078616460 322231400 -191512940 1393316871 -338217140 1447096839 -303446337 567684514 111031223 1496409827 1181764759 -1505533010 -1930769078 -960801709 123497642 -2029544992 1651294564 912521276 895168095 1331675060 -367407871 971931391 -1215067971 1858431870 636604416 1915830131 -303412123 1878827017 -361803641 -1414955851 -108970545 1085328251 -286344726 1124116225 1266325290 2096550342 -1972605566 -1287653835 399371671 1999995876 1619976373 -1959954219 -502481123 1883295706 1607410414 1696849734 1996365112 -214425639 172829579 1228570072 -783686070 -1920436678 1050834206 1069468583 -2122829626 -321654208 1249680156 345967465 -58224842 1001737264 814745795 -17735113 -1824281585 1636391780 -1546368517 980521457 -1614945581 997448307 1925711786 1989048327 -1263093763 -16015948 -619981403 -1771169589 1357900489 -1050737067 -1126434214 -1685811855 -590904976 -1517635595 1214636183 -564645606 -1436849865 693424860 957683012 277646768 -1930022756 24100093 -1834082662 -720631272 -906587755 -467488235 1486396953 1854301922 428248005 588427979 1614908129 1860783421 -1948207835 -1658437917 -509710869 -2046049006 -279119190 -204645638 -927006177 1859211463 -762484593 -1072875075 1394244497 202305373 2105071341 1545577283 698700058 -833792101 1793030316 784973304 -102408069 -913605777 -141051386 1845254443 323965800 -1246638139 -1770920684 -1047296144 -1500178496 780075002 918637763 686203418 1952063729 -1399290785 -1309979648 695599094 -343514187 -597406842 850439713 1723482407 1096825908 1592966464 -213066806 576328702 -716653942 -637614601 1450205858 934236512 760355385 335230908 -1413580942 175279327 1102651077 1560302646 -1211561389 -1327704248 -191732337 488988974 864096653 -343173740 -192015914 -1449631030 1087244063 1014907295 -635464907 605912574 -967379356 -480477120 641604363 -1345183562 -1644155532 -1624707081 1437631981 -1881090556 497094577 -830235841 -1345964201 -499645384 490105426 -1219357740 -561714733 -303846924 1960409161 -457074102 1876534254 494759712 -323089901 1431166270 -1640705295 -1644982391 1714426338 -1362414372 72190697 1642507035 -287374866 -1296262334 -410356971 233219240 -1768167417 -2010319369 2134851930 1226080184 233867331 294564294 243009894 72199761 894097341 1802775100 -701398471 1756794939 658510165 -1960101054 962304864 1244505241 753598314 -1909156846 14808038 1604578945 -1543854774 -437672103 -1169420743 -227482040 1134140269 1792118313 -1739606541 -1915678070 -1094246450 -1210743691 465725413 -313343195 -1598135810 1248733010 -1342256628 -1910452828 1493471417 -530138600 1727969306 1773581818 -1693529748 35231093 -1922775550 -1919170330 378866827 -902070810 486856689 -1615938220 -2131660163 421149340 209508823 912416796 -1956348301 69210781 -1839532800 -2108394730 1336380763 679846412 -150427161 1107811941 -1265033214 -1558167883 896156971 1010044891 826893094 -129053482 1039209166 -328686761 22081516 397899681 -904980922 1859339506 -1790762597 1806332429 -1170482497 94336148 -1616839637 1901381407 1818569789 102056435 1539813346 1652135825 -1462486614 1942091210 1752564842 1465344678 419190176 591164868 -1192307687 1581331056 -1343684561 1499971950 -861874960 910698694 1909243243 1342969638 1235185392 -1833302293 504789022 -231955988 -771443933 -426095354 -1641078177 -1819965617 1394179571 1656574795 1099900333 -2134105819 404942324 1045540756 2115366942 -111561628 132898504 -384293161 -1066944847 -1600241344 -975083656 688950777 1964679259 -1761498963 -575612669 984878087 1941621105 764911728 -279939620 358585489 -943198320 241345703 306743241 418075340 1084198880 1922444023 1784847781 -1958178512 1504319247 -1799711619 -1586168004 916942634 -1847222138 1304251365 -974422890 -246566679 -1124083724 757752094 2009774351 -1165563661 161601389 877225340 -1245732814 -951888464 125058868 759403026 -171920605 1409018480 25711002 1573964430 743939774 -1198210032 1822233281 1195666591 -1517287732 587734455 513601319 1520734726 1104160463 -1907090489 147178506 600387226 -2099226890 2046905671 298645891 -1500129086 -1743101356 -770496519 892849023 1088497766 -2086909757 -355082092 -2031251982 -2064448448 -1602443696 -1138759987 -131379109 -1162760764 248302046

./push_swap -450981375 -41314769 1301353374 -797291216 521786649 268059743 1355577368 1364469209 -1000860077 -1109926767 1660288637 -1869465253 -1959364265 295914645 1679294054 297082763 1695692621 -1137140486 -251583624 383747074 1539902292 -123905273 -1530631600 -978337382 -1868725428 -94972275 1443326086 -849407834 -611895334 556891378 -1588301244 -69531010 -729707791 -1148909673 1307786195 1184579584 -2013181945 702714433 670974117 -43135440 1234663680 -1931153517 1177428247 28313017 -852745216 -1872117745 286650506 760405704 -997805627 142709356 -1281227622 -853758192 932777593 699164705 1330862350 1985525454 -369908337 -1890945180 1227506622 -1685911335 -1979426899 1096684717 -542694946 -979843540 89760516 1302191765 730486920 263453956 -710435879 741522781 -2142865975 719705127 601304066 142736937 -1459816105 600732467 -280196407 -1903833450 -609121639 1314962747 22023433 1294525679 -105190238 -97058307 -1530572764 -941959821 -169630519 -1873523151 1077304013 1387029097 -755561025 -1854773489 -1965123645 984151629 -1455345523 2060070646 -655309914 -906036117 888319853 1375941289 -1023315506 622548217 1736401081 2095967032 -115032203 -1806537748 -1131646165 688976870 -1966461946 -466962760 860027033 -686658361 -288415546 -981285725 -1639862559 -867774020 791855005 1946666812 -57601008 1215529003 888782705 601818150 -923494157 1640164443 -838588865 -575762096 1641113515 1850795888 -451855930 -1371384377 -1784225244 -1197345652 1813741324 -2005239909 958380109 126618910 -304775306 -993320505 -1113194711 128687804 -2048536746 -1765924726 -389833658 1746941738 -557861227 902255695 -6782837 -1361105151 1531785757 -619242957 -1585300222 -2053067713 -1943199657 -268522487 427601728 -1221511516 -1657893080 135175427 -792595189 -1215622105 348781132 211993960 1009551063 -1137529865 844192515 -842053167 -1965493192 613899077 1967082834 -428631130 1975499715 -1682947237 -1906021268 1562319063 -1972828243 -328510460 -1287888501 -1012112151 660844847 -1804610567 571510410 1263748789 -1566006612 888601389 1858428514 -1022106704 1334315056 1171358733 -1845866794 -1951412591 -1774075374 615625519 -276763186 -861301930 1094748887 1439093926 -800070512 672683309 224270418 -1519424999 545302645 260889582 -1176971068 -887639881 -1357910930 -691738150 -3113939 -319093060 1304515311 748467176 1472601525 1029110877 1731737090 -755585513 995935133 -298505814 1627493484 -1311081310 -567136022 1389079222 -116431090 -80268424 -105664760 -1042174228 554010543 1683607215 2070916000 -1786531768 -777785518 338110535 -1578862252 1911987578 -866975719 -1107617911 1682993695 -1719490752 -1151347220 1228612939 -1309430790 -754308176 874549684 2048516163 -317831575 854796781 2004214860 -848259114 -507765714 2058474600 410408 -518183466 1974307337 530748124 550565942 -2072042716 2079347132 1242031447 -583906766 1607311384 214591094 -2066525298 -2138015532 2032880003 -1513915981 1076492881 -437363294 1914918138 -1470780805 -1847300367 812767398 -1670809910 -678502609 604235995 -1375654094 241778097 -1765860830 1268474826 -1971418008 121825407 -627588242 660015188 -130596269 -842393684 2099218083 1623611797 209397184 2058445671 330154087 -148738275 -1300350440 1750083479 -1672066898 1788634424 -2143892858 -1525806377 -1492439927 -1953135232 2103186523 1191266859 463994048 80233650 -1291983883 1608605538 1442688109 -698833563 1139387369 -1790915809 -106865487 -1679738019 1752468906 -1042007395 -436984535 -1749365170 -62020579 -373860003 -1583366452 1212930829 -267234031 -1092273050 1222411767 -1589626162 -1535273286 -880009284 -1205625811 -1965810070 1302421175 275578756 -2098709914 1378113804 -1288948711 2067707569 -1424435427 -1661789029 1067457932 534528360 -611522136 169377266 -754245618 -2053437489 1071192813 359970750 104937520 1206899170 1580643455 1826622207 -1559912673 1682947702 1858049009 718385675 -1084864421 1369500866 -696016436 208176409 -1474300067 1953593589 -311876646 1780614683 377263592 -442697889 1072212563 -1836811677 137584088 -1958169818 64510244 1524510831 -1947223189 1237329043 417817608 -1466157854 975889001 206152913 -1757966837 -1092828946 -37479116 643997054 935405760 -1168941439 1914104566 1251489764 1080895696 2118394142 1592244319 -127562274 -1082581396 -1703932303 1202509253 654356549 -1881127942 -359612237 -643037878 1838296364 -937818240 -428467508 -377359666 1425577230 1832230955 2009405278 577588619 -1851260771 1969299420 -701992650 1547705623 1560663420 -548190509 44197219 68998268 -883573999 580804045 -1381090649 -1588762409 -1112817267 818489144 1095416471 2086777731 -215171048 985431417 -669116644 -1487172273 -845959676 535355515 -1576942848 -649873095 -1603988325 -1233581815 -1028841267 1774820146 -1487969672 -592128726 1505935170 1874237879 -930886260 668652556 -871762579 1157293803 286417135 -1820576307 -1634422903 525232778 595684135 629789996 -1681092600 -1337865478 709308307 -1454542018 -1224484127 -1439491131 -1535991450 153021002 633143858 1677747860 2141675782 71643685 746193219 -2490877 358978212 1233435813 -442828856 -1073469304 -121421276 518625944 -1532465535 -89975382 1212254188 -662489533 -989805056 -1590918547 -307911266 980184989 905986949 855992521 674631316 -2116784753 -577622890 -1665309779 1814352883 183190555 342384331 -1353092656 807704170 62904013 321488746 -62911268 -1796744703 -795110943 511311505 1346309685 -1549370263 -469175969 -1743778264 1044481193 -547965082 1650125174 503912049 -762759865 1739169318 -31735428 1933582532 -269628993 -774549374 1059693061 -733543077 | ./checker_Mac -450981375 -41314769 1301353374 -797291216 521786649 268059743 1355577368 1364469209 -1000860077 -1109926767 1660288637 -1869465253 -1959364265 295914645 1679294054 297082763 1695692621 -1137140486 -251583624 383747074 1539902292 -123905273 -1530631600 -978337382 -1868725428 -94972275 1443326086 -849407834 -611895334 556891378 -1588301244 -69531010 -729707791 -1148909673 1307786195 1184579584 -2013181945 702714433 670974117 -43135440 1234663680 -1931153517 1177428247 28313017 -852745216 -1872117745 286650506 760405704 -997805627 142709356 -1281227622 -853758192 932777593 699164705 1330862350 1985525454 -369908337 -1890945180 1227506622 -1685911335 -1979426899 1096684717 -542694946 -979843540 89760516 1302191765 730486920 263453956 -710435879 741522781 -2142865975 719705127 601304066 142736937 -1459816105 600732467 -280196407 -1903833450 -609121639 1314962747 22023433 1294525679 -105190238 -97058307 -1530572764 -941959821 -169630519 -1873523151 1077304013 1387029097 -755561025 -1854773489 -1965123645 984151629 -1455345523 2060070646 -655309914 -906036117 888319853 1375941289 -1023315506 622548217 1736401081 2095967032 -115032203 -1806537748 -1131646165 688976870 -1966461946 -466962760 860027033 -686658361 -288415546 -981285725 -1639862559 -867774020 791855005 1946666812 -57601008 1215529003 888782705 601818150 -923494157 1640164443 -838588865 -575762096 1641113515 1850795888 -451855930 -1371384377 -1784225244 -1197345652 1813741324 -2005239909 958380109 126618910 -304775306 -993320505 -1113194711 128687804 -2048536746 -1765924726 -389833658 1746941738 -557861227 902255695 -6782837 -1361105151 1531785757 -619242957 -1585300222 -2053067713 -1943199657 -268522487 427601728 -1221511516 -1657893080 135175427 -792595189 -1215622105 348781132 211993960 1009551063 -1137529865 844192515 -842053167 -1965493192 613899077 1967082834 -428631130 1975499715 -1682947237 -1906021268 1562319063 -1972828243 -328510460 -1287888501 -1012112151 660844847 -1804610567 571510410 1263748789 -1566006612 888601389 1858428514 -1022106704 1334315056 1171358733 -1845866794 -1951412591 -1774075374 615625519 -276763186 -861301930 1094748887 1439093926 -800070512 672683309 224270418 -1519424999 545302645 260889582 -1176971068 -887639881 -1357910930 -691738150 -3113939 -319093060 1304515311 748467176 1472601525 1029110877 1731737090 -755585513 995935133 -298505814 1627493484 -1311081310 -567136022 1389079222 -116431090 -80268424 -105664760 -1042174228 554010543 1683607215 2070916000 -1786531768 -777785518 338110535 -1578862252 1911987578 -866975719 -1107617911 1682993695 -1719490752 -1151347220 1228612939 -1309430790 -754308176 874549684 2048516163 -317831575 854796781 2004214860 -848259114 -507765714 2058474600 410408 -518183466 1974307337 530748124 550565942 -2072042716 2079347132 1242031447 -583906766 1607311384 214591094 -2066525298 -2138015532 2032880003 -1513915981 1076492881 -437363294 1914918138 -1470780805 -1847300367 812767398 -1670809910 -678502609 604235995 -1375654094 241778097 -1765860830 1268474826 -1971418008 121825407 -627588242 660015188 -130596269 -842393684 2099218083 1623611797 209397184 2058445671 330154087 -148738275 -1300350440 1750083479 -1672066898 1788634424 -2143892858 -1525806377 -1492439927 -1953135232 2103186523 1191266859 463994048 80233650 -1291983883 1608605538 1442688109 -698833563 1139387369 -1790915809 -106865487 -1679738019 1752468906 -1042007395 -436984535 -1749365170 -62020579 -373860003 -1583366452 1212930829 -267234031 -1092273050 1222411767 -1589626162 -1535273286 -880009284 -1205625811 -1965810070 1302421175 275578756 -2098709914 1378113804 -1288948711 2067707569 -1424435427 -1661789029 1067457932 534528360 -611522136 169377266 -754245618 -2053437489 1071192813 359970750 104937520 1206899170 1580643455 1826622207 -1559912673 1682947702 1858049009 718385675 -1084864421 1369500866 -696016436 208176409 -1474300067 1953593589 -311876646 1780614683 377263592 -442697889 1072212563 -1836811677 137584088 -1958169818 64510244 1524510831 -1947223189 1237329043 417817608 -1466157854 975889001 206152913 -1757966837 -1092828946 -37479116 643997054 935405760 -1168941439 1914104566 1251489764 1080895696 2118394142 1592244319 -127562274 -1082581396 -1703932303 1202509253 654356549 -1881127942 -359612237 -643037878 1838296364 -937818240 -428467508 -377359666 1425577230 1832230955 2009405278 577588619 -1851260771 1969299420 -701992650 1547705623 1560663420 -548190509 44197219 68998268 -883573999 580804045 -1381090649 -1588762409 -1112817267 818489144 1095416471 2086777731 -215171048 985431417 -669116644 -1487172273 -845959676 535355515 -1576942848 -649873095 -1603988325 -1233581815 -1028841267 1774820146 -1487969672 -592128726 1505935170 1874237879 -930886260 668652556 -871762579 1157293803 286417135 -1820576307 -1634422903 525232778 595684135 629789996 -1681092600 -1337865478 709308307 -1454542018 -1224484127 -1439491131 -1535991450 153021002 633143858 1677747860 2141675782 71643685 746193219 -2490877 358978212 1233435813 -442828856 -1073469304 -121421276 518625944 -1532465535 -89975382 1212254188 -662489533 -989805056 -1590918547 -307911266 980184989 905986949 855992521 674631316 -2116784753 -577622890 -1665309779 1814352883 183190555 342384331 -1353092656 807704170 62904013 321488746 -62911268 -1796744703 -795110943 511311505 1346309685 -1549370263 -469175969 -1743778264 1044481193 -547965082 1650125174 503912049 -762759865 1739169318 -31735428 1933582532 -269628993 -774549374 1059693061 -733543077

./push_swap -1651069097 2000195417 1628858576 342903249 -41631275 486349380 -997564380 85465525 -1970553092 -53171077 571181294 554901588 254081222 -1480967966 1826249394 41094584 1019338182 1880860871 -701377269 75566022 -1908909609 -1592641180 -1062695660 6015377 -1382809788 -735871540 -986692940 -457170333 -1518971995 -979484700 10711626 -81747343 -1149892489 -885497334 -1884624544 308522545 -1231922170 987542101 1533893211 -1644463728 401180639 950087111 2046353127 526941192 431189254 -1616928556 828123261 48908102 1553635217 -1945038231 -1464485869 564793290 -1144192980 -1573888952 1289921332 1987630621 -961470750 -2140345107 458238933 1656482454 -151669589 1158767876 1124842741 -1253397208 -1198721585 -540818770 -856339432 -1879239258 -1821239846 -1650732507 -1363401999 1856777375 1694541293 -1193588342 -1599186860 -720464409 -382831610 -479467963 1125824060 -493006598 -1661059832 -504632157 1809511622 1628151639 571750996 1611059160 -245280514 -1129689755 1726590580 678013930 -1873952450 1166534419 1839642285 -2025232993 -1761349572 346109016 93932601 -2046027065 160130682 1194089911 -1773959775 2110663555 -2021643449 -1056102529 570607772 2145991042 -314920501 1606592230 543009146 1307316953 -1890791793 1795961898 -341214410 -1160378940 -828877439 -1603502868 -931304712 -1391723206 235307042 1667144408 589271684 1130847766 -869166501 951697245 -126177126 -2092412210 -662092419 -903987281 -198145697 1078280250 -1569061581 1522396408 -1044759514 907696184 -1753976857 -1713569676 -1913502411 -774418941 1011005110 897133262 324653430 617720354 -1961047153 -1982975171 -828101180 -1682589688 184485771 -1217382670 -333677135 -1010864073 999724200 2066935693 1022625497 2019171623 -1543227595 -1562695028 1175523052 659346007 -1264657167 807009673 566087643 1591473964 -526319423 -1498007122 312619364 -1326279335 -531406586 -432766433 -943831331 678793793 1879147288 632938052 -1712571966 987365233 -845411483 2005980477 -1306885355 102461391 -1283436156 1046886324 1673832816 1275030980 633431230 -1600606935 725248719 -778905955 1300994111 -1653105479 -1680537992 558153965 -1588056009 -2101487798 1122246283 -1975644783 -455196944 -886379362 420060326 -1302917027 -428320864 -1842283796 1917306277 -1397034988 -882553125 -1162027097 -916926248 -748024710 -2013937956 1742850209 -9145304 -1819208822 -666294179 -949507463 -1352912785 -764920787 2097747989 -1154697111 688006462 1519363187 -1040450784 -1562668109 -756416810 -724684593 -498140524 -910321893 1898233139 1169410536 1692389390 -1313389943 850417919 260577847 1833478068 -1905529717 -1978469393 -1114900827 428737649 167672624 1133388805 146717167 -274524336 -635203887 860570795 -1518306936 -849136141 -1103971936 -33328115 -2139118140 387784064 -1018164646 671815049 -1355655833 658157225 -375741963 -23906557 505582408 501901922 2141392847 -501392791 1935045822 -1013780616 -538282583 -679416298 -186538702 -272614968 651963165 23048142 -294521627 -644586110 -755317983 -531286735 -1325982339 -1779513229 1685451363 -672889414 -1543297521 -846063977 -1321072901 -1355404215 292501606 1575507741 1767871960 -1419566199 1119653834 1197209857 1549805873 684060857 -461969448 -1373947885 1915587630 -314313368 -450463215 983217696 -568711709 -1009101105 -1361654651 -19448089 19453035 1667293532 1399980393 61044850 884400305 -1060724131 744246344 -1378999728 -1125053738 -1868970310 -1142201827 -2032837258 2088666930 1537655593 1102181919 364369850 989381193 -542157742 2100405847 310554801 1496090732 -628741302 317371849 -2132244188 540080947 -2122907789 -1539755537 -895652311 1834512258 -1728736432 1187257138 -1623166834 1321940474 1598431202 -1376610048 1851231683 109272950 -369308849 888322448 -1259645930 997781964 -917826622 1758225224 -1412240902 511883212 595896642 1350842276 -1387936867 -1966908692 -1433596537 547160247 642286041 1609629902 -1342388711 -976740036 1874525590 -1180562416 1541226429 1007876051 -1819442350 1026341999 1184119997 -1174729004 578574517 -1700119905 -804535340 1777576708 1462871289 -466272488 1706204823 440744020 -1796910361 2001403272 -1473880829 93914432 2015116252 -1296618180 462163531 393431534 1437154929 1527681387 -150503235 -1170546229 1823031359 -1668858687 -689081356 -416855218 -112319251 -1400747213 -1251514677 -1946703231 906174495 198920485 1365825259 -1743061238 1136547584 -1059334095 -362009938 -1466037143 623725164 416870196 1193844634 987190260 375511505 -749191839 1671498903 539355663 1282867819 -1641970410 -1225735085 -1470483438 -1351195836 -533807667 1327918858 1255845871 1113125709 -1403187928 -141269167 1741218153 -1233312731 1627324761 1383443270 -963404414 -1214741191 -1261213359 1229334179 2128130554 1150055344 -2048106568 1758512982 -218759502 1260921506 -508683330 -284322832 1769252663 -1045045256 1485768511 1774253064 126438534 -1976794601 -1546065057 930128398 1928759845 1060726019 625313148 289241506 -132170062 -938582153 -820218563 -737436978 1735032373 595456364 1118513048 253862487 -334868727 -374025300 1392326638 -1316634700 187830241 -1681228964 973246751 1893726860 -1895969996 576592896 1502972055 -1685405359 1048883756 -251022680 628262815 -371804549 -1198719395 -376371789 -149778694 -1308484910 197461928 2077841398 -1814595109 -1053636489 2120801446 -1079956469 567974728 -604538376 -98690149 -1875925869 189643517 -1589515714 1186260212 239500323 -391703432 -1778828018 -960861263 878824358 -713717478 -2088501935 -959750932 1773615068 -26327469 1024117721 -1746619784 -273463492 -740989240 1535585713 1853306497 -1254088891 -975452258 | ./checker_Mac -1651069097 2000195417 1628858576 342903249 -41631275 486349380 -997564380 85465525 -1970553092 -53171077 571181294 554901588 254081222 -1480967966 1826249394 41094584 1019338182 1880860871 -701377269 75566022 -1908909609 -1592641180 -1062695660 6015377 -1382809788 -735871540 -986692940 -457170333 -1518971995 -979484700 10711626 -81747343 -1149892489 -885497334 -1884624544 308522545 -1231922170 987542101 1533893211 -1644463728 401180639 950087111 2046353127 526941192 431189254 -1616928556 828123261 48908102 1553635217 -1945038231 -1464485869 564793290 -1144192980 -1573888952 1289921332 1987630621 -961470750 -2140345107 458238933 1656482454 -151669589 1158767876 1124842741 -1253397208 -1198721585 -540818770 -856339432 -1879239258 -1821239846 -1650732507 -1363401999 1856777375 1694541293 -1193588342 -1599186860 -720464409 -382831610 -479467963 1125824060 -493006598 -1661059832 -504632157 1809511622 1628151639 571750996 1611059160 -245280514 -1129689755 1726590580 678013930 -1873952450 1166534419 1839642285 -2025232993 -1761349572 346109016 93932601 -2046027065 160130682 1194089911 -1773959775 2110663555 -2021643449 -1056102529 570607772 2145991042 -314920501 1606592230 543009146 1307316953 -1890791793 1795961898 -341214410 -1160378940 -828877439 -1603502868 -931304712 -1391723206 235307042 1667144408 589271684 1130847766 -869166501 951697245 -126177126 -2092412210 -662092419 -903987281 -198145697 1078280250 -1569061581 1522396408 -1044759514 907696184 -1753976857 -1713569676 -1913502411 -774418941 1011005110 897133262 324653430 617720354 -1961047153 -1982975171 -828101180 -1682589688 184485771 -1217382670 -333677135 -1010864073 999724200 2066935693 1022625497 2019171623 -1543227595 -1562695028 1175523052 659346007 -1264657167 807009673 566087643 1591473964 -526319423 -1498007122 312619364 -1326279335 -531406586 -432766433 -943831331 678793793 1879147288 632938052 -1712571966 987365233 -845411483 2005980477 -1306885355 102461391 -1283436156 1046886324 1673832816 1275030980 633431230 -1600606935 725248719 -778905955 1300994111 -1653105479 -1680537992 558153965 -1588056009 -2101487798 1122246283 -1975644783 -455196944 -886379362 420060326 -1302917027 -428320864 -1842283796 1917306277 -1397034988 -882553125 -1162027097 -916926248 -748024710 -2013937956 1742850209 -9145304 -1819208822 -666294179 -949507463 -1352912785 -764920787 2097747989 -1154697111 688006462 1519363187 -1040450784 -1562668109 -756416810 -724684593 -498140524 -910321893 1898233139 1169410536 1692389390 -1313389943 850417919 260577847 1833478068 -1905529717 -1978469393 -1114900827 428737649 167672624 1133388805 146717167 -274524336 -635203887 860570795 -1518306936 -849136141 -1103971936 -33328115 -2139118140 387784064 -1018164646 671815049 -1355655833 658157225 -375741963 -23906557 505582408 501901922 2141392847 -501392791 1935045822 -1013780616 -538282583 -679416298 -186538702 -272614968 651963165 23048142 -294521627 -644586110 -755317983 -531286735 -1325982339 -1779513229 1685451363 -672889414 -1543297521 -846063977 -1321072901 -1355404215 292501606 1575507741 1767871960 -1419566199 1119653834 1197209857 1549805873 684060857 -461969448 -1373947885 1915587630 -314313368 -450463215 983217696 -568711709 -1009101105 -1361654651 -19448089 19453035 1667293532 1399980393 61044850 884400305 -1060724131 744246344 -1378999728 -1125053738 -1868970310 -1142201827 -2032837258 2088666930 1537655593 1102181919 364369850 989381193 -542157742 2100405847 310554801 1496090732 -628741302 317371849 -2132244188 540080947 -2122907789 -1539755537 -895652311 1834512258 -1728736432 1187257138 -1623166834 1321940474 1598431202 -1376610048 1851231683 109272950 -369308849 888322448 -1259645930 997781964 -917826622 1758225224 -1412240902 511883212 595896642 1350842276 -1387936867 -1966908692 -1433596537 547160247 642286041 1609629902 -1342388711 -976740036 1874525590 -1180562416 1541226429 1007876051 -1819442350 1026341999 1184119997 -1174729004 578574517 -1700119905 -804535340 1777576708 1462871289 -466272488 1706204823 440744020 -1796910361 2001403272 -1473880829 93914432 2015116252 -1296618180 462163531 393431534 1437154929 1527681387 -150503235 -1170546229 1823031359 -1668858687 -689081356 -416855218 -112319251 -1400747213 -1251514677 -1946703231 906174495 198920485 1365825259 -1743061238 1136547584 -1059334095 -362009938 -1466037143 623725164 416870196 1193844634 987190260 375511505 -749191839 1671498903 539355663 1282867819 -1641970410 -1225735085 -1470483438 -1351195836 -533807667 1327918858 1255845871 1113125709 -1403187928 -141269167 1741218153 -1233312731 1627324761 1383443270 -963404414 -1214741191 -1261213359 1229334179 2128130554 1150055344 -2048106568 1758512982 -218759502 1260921506 -508683330 -284322832 1769252663 -1045045256 1485768511 1774253064 126438534 -1976794601 -1546065057 930128398 1928759845 1060726019 625313148 289241506 -132170062 -938582153 -820218563 -737436978 1735032373 595456364 1118513048 253862487 -334868727 -374025300 1392326638 -1316634700 187830241 -1681228964 973246751 1893726860 -1895969996 576592896 1502972055 -1685405359 1048883756 -251022680 628262815 -371804549 -1198719395 -376371789 -149778694 -1308484910 197461928 2077841398 -1814595109 -1053636489 2120801446 -1079956469 567974728 -604538376 -98690149 -1875925869 189643517 -1589515714 1186260212 239500323 -391703432 -1778828018 -960861263 878824358 -713717478 -2088501935 -959750932 1773615068 -26327469 1024117721 -1746619784 -273463492 -740989240 1535585713 1853306497 -1254088891 -975452258

